BTC 247 147 26
ETH 98 126 234
SOL 20 241 149
BNB 243 186 47
XRP 0 120 230
ADA 0 45 160
AVAX 232 65 66
DOT 230 0 122
LINK 43 110 245
LTC 175 180 185
BCH 10 193 142
ATOM 60 65 145
POL 130 71 229
TRX 210 15 15
NEAR 0 236 151
SUI 77 162 255
APT 45 216 167
TON 40 180 245
XLM 15 135 195
ALGO 100 180 160
HBAR 0 160 175
VET 32 205 250
FIL 0 70 210
ICP 150 110 229
TAO 225 225 230
INJ 0 245 255
ARB 18 120 240
OP 255 4 32
KAS 73 234 203
XMR 255 102 0
EGLD 35 247 221
UNI 255 4 180
DOGE 205 165 40
SHIB 225 75 0
PEPE 0 200 50
BONK 255 140 0
FLOKI 215 130 15
WIF 201 122 86
BRETT 0 82 255
MOG 176 38 255
TURBO 245 50 0
POPCAT 255 128 171
NEIRO 255 200 130
GOAT 139 195 74
